1 frame00015462.png 872,750,983,835
2 frame00015463.png 872,751,983,835
3 frame00015464.png 872,751,983,835
4 frame00015465.png 872,751,983,836
5 frame00015466.png 872,752,983,836
6 frame00015467.png 872,752,983,836
7 frame00015468.png 872,752,983,837
8 frame00015469.png 872,753,983,837
9 frame00015470.png 872,753,983,837
10 frame00015471.png 872,753,983,838
11 frame00015472.png 872,754,983,838
12 frame00015473.png 873,754,983,838
13 frame00015474.png 873,754,984,838
14 frame00015475.png 873,754,984,838
15 frame00015476.png 873,754,985,838
16 frame00015477.png 874,754,986,838
17 frame00015478.png 874,754,986,838
18 frame00015479.png 874,754,987,838
19 frame00015480.png 874,754,987,838
20 frame00015481.png 875,754,988,838
21 frame00015482.png 875,754,988,838
22 frame00015483.png 875,755,988,839
23 frame00015484.png 875,756,989,840
24 frame00015485.png 875,757,989,842
25 frame00015486.png 875,754,989,839
26 frame00015487.png 875,753,989,837
27 frame00015488.png 875,752,990,836
28 frame00015489.png 875,751,990,835
29 frame00015490.png 875,749,990,834
30 frame00015491.png 875,748,990,833
31 frame00015492.png 875,747,991,832
32 frame00015493.png 875,747,990,831
33 frame00015494.png 874,747,990,831
34 frame00015495.png 874,747,990,831
35 frame00015496.png 874,746,990,831
36 frame00015497.png 874,744,989,829
37 frame00015498.png 873,742,989,827
38 frame00015499.png 873,746,989,831
39 frame00015500.png 873,750,989,835
40 frame00015501.png 873,754,988,838
41 frame00015502.png 872,754,988,838
42 frame00015503.png 872,755,989,840
43 frame00015504.png 873,756,989,842
44 frame00015505.png 873,758,990,843
45 frame00015506.png 873,759,991,845
46 frame00015507.png 873,761,991,847
47 frame00015508.png 873,762,992,849
48 frame00015509.png 873,764,993,850
49 frame00015510.png 875,763,995,851
50 frame00015511.png 876,763,997,851
51 frame00015512.png 877,763,998,851
52 frame00015513.png 879,761,1000,850
53 frame00015514.png 881,759,1002,848
54 frame00015515.png 883,757,1004,847
55 frame00015516.png 885,755,1008,846
56 frame00015517.png 888,754,1011,845
57 frame00015518.png 891,752,1014,843
58 frame00015519.png 894,750,1017,842
59 frame00015520.png 897,748,1020,841
60 frame00015521.png 900,746,1024,839
61 frame00015522.png 903,744,1027,838
62 frame00015523.png 901,743,1030,838
63 frame00015524.png 903,743,1032,839
64 frame00015525.png 905,742,1035,839
65 frame00015526.png 907,742,1038,840
66 frame00015527.png 909,741,1041,840
67 frame00015528.png 912,741,1044,841
68 frame00015529.png 914,740,1047,841
69 frame00015530.png 915,738,1049,840
70 frame00015531.png 917,736,1052,839
71 frame00015532.png 919,734,1055,838
72 frame00015533.png 919,734,1056,838
73 frame00015534.png 919,733,1057,838
74 frame00015535.png 919,733,1057,838
75 frame00015536.png 919,733,1058,838
76 frame00015537.png 919,732,1059,838
77 frame00015538.png 919,732,1060,838
78 frame00015539.png 919,732,1060,838
79 frame00015540.png 919,731,1061,838
80 frame00015541.png 919,731,1062,838
81 frame00015542.png 919,731,1063,838
82 frame00015543.png 917,728,1062,839
83 frame00015544.png 914,728,1062,841
84 frame00015545.png 912,729,1061,843
85 frame00015546.png 910,730,1061,845
86 frame00015547.png 908,731,1060,848
87 frame00015548.png 906,729,1060,847
88 frame00015549.png 904,728,1059,846
89 frame00015550.png 902,727,1059,846
90 frame00015551.png 900,726,1058,845
91 frame00015552.png 898,724,1058,845
92 frame00015553.png 893,718,1054,840
93 frame00015554.png 890,719,1054,843
94 frame00015555.png 887,720,1053,845
95 frame00015556.png 885,721,1053,848
96 frame00015557.png 882,722,1052,851
97 frame00015558.png 880,723,1052,853
98 frame00015559.png 877,724,1051,856
99 frame00015560.png 875,725,1051,859
100 frame00015561.png 872,726,1050,861
101 frame00015562.png 870,728,1050,864
102 frame00015563.png 868,727,1050,865
103 frame00015564.png 866,726,1050,865
104 frame00015565.png 863,725,1050,866
105 frame00015566.png 861,724,1050,866
106 frame00015567.png 859,724,1050,867
107 frame00015568.png 860,723,1050,867
108 frame00015569.png 854,721,1050,866
109 frame00015570.png 852,719,1050,866
110 frame00015571.png 850,717,1050,865
111 frame00015572.png 849,715,1050,864
112 frame00015573.png 848,714,1050,866
113 frame00015574.png 847,714,1050,868
114 frame00015575.png 844,714,1050,870
115 frame00015576.png 841,716,1050,874
116 frame00015577.png 839,718,1050,878
117 frame00015578.png 836,720,1050,882
118 frame00015579.png 836,723,1050,886
119 frame00015580.png 831,725,1050,890
120 frame00015581.png 828,724,1049,891
121 frame00015582.png 826,724,1047,893
122 frame00015583.png 823,725,1046,896
123 frame00015584.png 821,726,1045,898
124 frame00015585.png 816,726,1044,900
125 frame00015586.png 813,727,1043,902
126 frame00015587.png 810,728,1043,905
127 frame00015588.png 808,728,1042,907
128 frame00015589.png 805,729,1042,909
129 frame00015590.png 803,729,1041,911
130 frame00015591.png 803,730,1040,914
131 frame00015592.png 800,731,1040,916
132 frame00015593.png 798,731,1040,918
133 frame00015594.png 795,731,1040,919
134 frame00015595.png 792,731,1040,921
135 frame00015596.png 790,731,1040,923
